12
1
2
28
0.29201905528810485 0.0041876778666720925 0.13547094148464225 0.04517195390044145 0.006082739248263482 0.0178555646261367 0.122154380768916 0.05908266153841651 0.09263815842207189 0.029599932524301903 0.06732799783215042 0.12840893649988253 
0.03541716564619612 0.02706075256311565 0.22637301080212896 0.007483616004189239 0.2015320770753637 0.09862663772549604 0.0794918990780555 0.09265854110319914 0.03145231559165429 0.17214207876985782 6.931473422295646e-05 0.027692590906520622 
0.017209786137730176 0.16055941313015482 0.0060007703670846915 0.23722381370215012 0.2687270917175441 0.09693340315558752 0.05714985643175959 0.02670070223095235 0.037613197793371585 0.07578383833646492 0.010068244594435677 0.006029882402764342 
0.05944051786170309 0.13753943258295073 0.05646453051242536 0.005607264153233254 0.0849030263334512 0.18223526861950876 0.061331528154814755 0.06238282930237243 0.08891975225986899 0.11659374572405815 0.05405680704712494 0.09052529744848833 
0.0727962801171072 0.0853340101943513 0.1230515439731384 0.00737373697885855 0.007168341062874328 0.060626771624322055 0.19212246590635065 0.1473179863680359 0.021359899898030738 0.19321771273951518 0.062371355000045314 0.027259896137370378 
0.03520736670775796 0.08217065106350852 0.031750426073912624 0.04212194636411288 0.1456788909059996 0.028152788660794504 0.0532861234762485 0.16805806429988815 0.031683943774863735 0.17328788680273544 0.025392843847022614 0.1832090680231555 
9.054362500997009e-05 0.07765955578347497 0.06211386574118612 0.13967793962343808 0.1274810945428506 0.11173553522135325 0.04332295686327565 0.04098784840949445 0.0370533616860178 0.07575502709173518 0.14807951148587148 0.13604275992629236 
0.06726445659576455 0.11314259926493098 0.013870401162139279 0.08351511923724865 0.01273562854260254 0.15374293887234416 0.10217296027087086 0.06900468618372681 0.12053703377715698 0.05531817178963221 0.17502687276293752 0.03366913154064536 
0.014600567009699913 0.00012411190836067733 0.11297466653927334 0.18191327582511324 0.015464891881535249 0.1795732327739316 0.24088714246091023 0.09393819756095557 0.029422068824987015 0.01509426180235564 0.10587096266873566 0.010136620744142018 
0.07733588364070754 0.003750260408898932 0.05785201344277561 0.10791361454939691 0.002697008562933871 0.1575808077367233 0.15322693671341514 0.3017104020699641 0.01459133517963446 0.0005597377948956424 0.10296693815996706 0.019815061740687347 
0.15387145201964553 0.013418746556860487 0.13929893969791315 0.14710560628221936 0.1095526962241076 0.2472736191079033 0.034861850082764795 0.0001893174649040503 0.04713058000424504 0.06085122172187597 0.015199878104439577 0.031246092733121334 
0.18706973270512964 0.051364065397061225 0.011868362171451116 0.029437458397482397 0.030706998168087803 0.13070372042743494 0.002487943923429307 0.17519847647661632 0.0894124307561557 0.054971342843019376 0.2244387666376293 0.012340702096502962 
