19
1
14
14
0.1227459576050906 0.0009536436916612138 0.1838487774093732 0.0033943490568243196 0.0022005990387379197 0.013622173412018846 0.10786213841868963 0.12360011570957984 0.061390727468879885 0.07166467580363163 0.032564769227190864 0.015199716632505886 0.026387679452993442 0.0972819874629975 0.01886660365341373 0.006835079276200638 0.015393426795271989 0.03314360209670695 0.0630439777882322 
0.03808976133508792 0.02300578162591006 0.024072894568067008 0.06963820444861318 0.0036375242592633283 0.029403242120972194 0.08759319215512988 0.0909369667206487 0.014871000918949166 0.06451705370327013 0.08592178041400986 0.09755297275077167 0.1143967882489782 0.028304434495044894 0.00781654740216247 0.024994813909341978 0.04081957073871733 0.13494918096565023 0.01947828921941175 
0.0014031949436707754 0.028040766099968827 0.19235484733022587 0.0009584537782913428 0.05354729333932547 0.04569803996730444 0.018088387012927802 0.004240899156050983 0.008809863849401035 0.05241212365158282 0.024989686992920663 0.03109222773129767 0.008923197152092652 0.015207655000106375 0.039783377874314345 0.16969395483433272 0.11023313854163644 0.07791635178644198 0.11660654095810778 
0.08774884410045025 0.08439884125316123 0.12578476097046729 0.002766292822085263 0.0454778814064673 0.005856307467710582 0.18408367122791658 2.0041759713134206e-05 0.015995109613041753 0.06604019163455382 0.08097634608902095 0.008491634062867594 0.06763610992561403 0.07826443804342391 0.028431710986334457 0.04461788740070143 0.05216065226914286 0.021074091514908008 0.0001751874524198243 
0.09854320420568034 0.002479214824646665 0.03362348467823531 0.08209767863141591 0.02221471449797255 0.18615446492528748 0.023927766044895934 0.058824667630023676 0.06353877401865286 0.03757954300907301 0.03126198241520795 0.026279374653675767 0.007063800648018504 0.01796483471377344 0.0871372828433151 0.11602802440122087 0.024172366842924894 0.009035262773125156 0.0720735582428548 
0.12326846618395329 0.09152110119093844 0.038793801204691405 0.032661752509737345 0.03566152079430559 0.08515337796617897 0.0390168716472819 0.0004885997352057086 0.030168803700504072 0.01661062282997281 0.014608353196402808 0.01742152656129508 0.059715397672691746 0.023886554465301565 0.017631665565287946 0.05185233451304647 0.010933864018512016 0.14962899939434446 0.1609763868503484 
0.01665491931879505 0.08303446408099881 0.009875792632463454 0.08953362703789954 0.03190788942018947 0.08217938724222049 0.010327892416612498 0.04025175783992798 0.0726738573582595 0.023342182165026412 0.036368021840815126 0.02755339114818322 0.00919731783849225 0.23104754134061636 0.06610071049681386 0.07615133006056811 0.04088290782209909 0.03484446111833614 0.01807254882168261 
0.07410618548897945 0.025533018409058417 0.04288692728944763 0.11981042444311266 0.10084888766820055 0.036121251851739096 0.03761709259258777 0.0578032251893306 0.023048664866200767 0.0718466345258552 0.13247388565939275 0.0004007744762670506 0.04796207411716364 0.17120298292112918 0.01331121372397845 0.011366567702925089 0.017838664817061416 0.0037136106969156814 0.01210791356065468 
0.011425933698211096 0.07600532196147511 0.0008690187584635634 0.015328245514315655 0.060948436054369136 0.04303772947865633 0.1714946209361196 0.09105137513635708 0.08038278406466469 0.051899591335226015 0.04159493071626653 0.04766782164916631 0.07510432006976722 0.054594781044328466 0.024654049031263368 0.03923871974844556 0.020089076927665903 0.03838252883167885 0.056230715043559254 
0.02625884939763411 0.026667864600083968 0.13067012439508136 0.016008971249109216 0.00932556757168704 0.007170782905597498 0.12533837757613253 0.017447691649314444 0.03461777204310163 0.033549317278069556 0.008932699108919744 0.03141103111890911 0.037012639697873946 0.04490005370623593 0.12710668452496315 0.1959317251906372 0.0024470290798062643 0.034427255609846476 0.09077556329699665 
0.008352573896245349 0.018015726369400385 0.13449079596551283 0.11045560292413793 0.025755953623455282 0.08850576734015128 0.0031366153750431542 0.01364833741918377 0.0191710140005691 0.0050292670804183755 0.057382481101505324 0.025832008391427397 0.10590982597991568 0.01574447855603444 0.009528916428459011 0.09089061681189917 0.01636250397908292 0.010751021700799598 0.24103649305675917 
0.038018288688879444 0.007138070719614551 0.07776636889995464 0.015417196992862184 0.1274249142074291 0.21089152002949818 0.0028714039780942126 0.06767155310882565 0.04633983884141575 0.0008771631015258971 0.00892372821826024 0.005498486754801624 0.11307251372206616 0.04595136666640237 0.004694220819446258 0.033056650343330406 0.04765641615682359 0.07926611090118409 0.06746418784958569 
0.0263511408173094 0.049329379964298564 0.022541992957794098 0.021032770274783768 0.18426870723111555 0.05674446038503038 0.12008622621732622 0.028377016063324094 0.006871079456051239 0.11966817452965078 0.04472673839643921 0.0038936124104440076 0.05692045053667013 0.044271986422837396 0.04019231014840884 0.022784476521856178 0.005674764783352343 0.13855954134500503 0.0077051715383027065 
0.025541743257466342 0.002655188175858245 0.06141406705036023 0.024885963062060708 0.09051008757325614 0.052796141889792245 0.04011782325418541 0.013404852605735172 0.004750074367036419 0.04330921977588441 0.0979258250701706 0.051152533949789275 0.002178244933156669 0.02971776751800943 0.06411290622083995 0.08097022070770353 0.030049912788983658 0.07007223069555282 0.21443519710415873 
0.003599936685027855 0.03903839456572678 0.01812484904404464 0.048085660103541074 0.012708318232815484 0.17638534774719916 0.07375719017820212 0.007359101203147213 0.055470948532281204 0.04525368577223878 0.10187326140289554 0.007057723600671796 0.05653633043504725 0.08165174912146199 0.010162907328730274 0.04449321924956613 0.056459069185517644 0.005900458614756379 0.15608184899712851 
0.025143438819486077 0.018621663826806408 0.09765463196320372 0.054375883252579645 0.07147658593434249 0.007547564825047097 0.12334401436358149 0.01913840813479896 0.013299306502737978 0.04813850089635885 0.009504827778577214 0.2366410445054585 0.0073351225702378104 0.010815747066925133 0.015406406620132552 0.021364159113385 0.12339843746584052 0.05780493685817151 0.03898931950232906 
0.07924997539220917 0.18197811112093437 0.045508578716359986 0.09060739035214246 0.008531558213047505 0.010847980827744607 0.07362516085121211 0.0020143274500292446 0.06525013364306723 0.023207617309228552 0.060485233838790405 0.08848839239198163 0.021579428876873384 0.0854907550402135 3.427542029144444e-05 0.07145989699859054 0.011944836123352351 0.06845451981544959 0.011241827618481911 
0.0610462241181246 0.05924723461223078 0.06719813142986257 0.16066912381648712 0.053818922894216886 0.00485253641417472 0.00483373891297944 0.06485326143196973 0.011689448443458341 0.11370589213175561 0.01634698276948668 0.09001581613977981 0.08007214605634431 0.018819491983396403 0.05313215273603052 0.03606448610220566 0.05683582318715817 0.027119934308974518 0.019678652511364254 
0.08246808782178779 0.008439165748363167 0.04435968773148589 0.054062431223019465 0.0010267370657680726 0.059286313756657674 0.011984760828300271 0.1775235726002601 0.021215320346604578 0.010737833625155952 0.07157434653731695 0.0034271737707069635 0.1981796919954332 0.0038075845758997785 0.06856156961539749 0.03977030988579082 0.04095500713571242 0.001426853681745488 0.10119355205459421 
